0 82,606865
1 13,063328
2 24,304136
3 30,863121
4 76,711159
5 99,707031
6 71,077248
7 120,743370
8 -11,194407
9 -3,798090
10 -3,549827
11 69,142853
12 -5,485847
13 0,259786
14 18,105131
15 5,093544
16 -43,790012
17 -29,631601
18 -38,838707
19 -22,581623
20 -48,888313
21 -45,717590
22 -36,936871
23 -36,164799
24 -30,361227
25 -25,127190
26 -27,546244
27 -25,218647
28 0,349201
29 39,331947
30 82,297256
31 14,450753
32 -19,855469
33 93,179916
34 -29,715208
35 3,497088
36 -49,231152
37 0,939461
38 -45,699272
39 -37,959816
40 -44,581970
41 -10,157530
42 -40,322723
43 -32,871532
44 -43,558792
45 -41,494984
46 -44,334076
47 -36,988411
48 -36,934723
49 -37,337288
50 -37,635414
51 -39,542324
52 -21,236387
53 -21,260723
54 -31,016039
55 -22,899933
56 -7,925056
57 20,610264
58 -9,280512
59 -11,623201
60 -22,613644
61 22,927534
62 -24,478123
63 -23,396261
64 -20,101959
65 -19,873196
66 -26,031317
67 -16,657373
68 -25,849974
69 -23,521679
70 -23,099129
71 -25,454512
72 -10,476143
73 -18,086437
74 -12,590438
75 -15,404781
76 -6,642767
77 -16,218721
78 -6,650535
79 -8,637463
80 -6,644442
81 -7,549088
82 -12,280781
83 -6,638555
84 -6,488245
85 -5,986712
86 -6,491126
87 -11,949627
88 -8,002152
89 -8,139844
90 -7,972158
91 -7,612495
92 -6,632103
93 -7,084505
94 -6,666798
95 -6,688948
96 -6,656904
97 -9,757074
98 -6,675624
99 -6,665174
100 -6,718253
101 -7,235249
102 -6,724633
103 -6,731679
104 -6,655166
105 -6,652152
106 -6,655006
107 -6,671340
108 -6,622580
109 -6,631641
110 -12,263384
111 -6,655785
112 -6,510381
113 -6,530907
114 -6,529768
115 -11,011765
116 -6,551000
117 -6,609850
118 -6,536648
119 -6,554066
120 -6,584325
121 -6,594514
122 -6,570384
123 -6,597721
124 -6,568419
125 -6,612173
126 -6,596732
127 -6,585509
128 -6,561227
129 -6,566265
130 -6,525652
131 -6,540816
132 -6,602502
133 -6,599614
134 -6,597007
135 -6,588155
136 -6,588857
137 -6,608417
138 -14,159081
139 -6,604860
140 -6,515132
141 -6,534370
142 -6,544715
143 -9,963675
144 -6,550691
145 -6,545605
146 -6,572961
147 -6,554937
148 -6,582116
149 -6,597085
150 -6,569019
151 -6,570001
152 -6,551826
153 -6,582884
154 -6,549419
155 -6,582365
156 -6,546227
157 -6,570490
158 -6,571038
159 -6,573377
160 -6,591676
161 -6,588034
162 -6,577294
163 -6,594096
164 -6,559344
165 -6,580320
166 -10,688202
167 -6,588721
168 -7,543950
169 -6,525426
170 -6,550968
171 -9,957211
172 -11,182096
173 -6,552673
174 -6,568501
175 -6,552455
176 -13,340811
177 -6,584353
178 -6,550329
179 -6,570608
180 -8,293718
181 -6,564880
182 -6,538197
183 -6,545228
184 -13,002726
185 -6,565372
186 -6,556448
187 -6,531641
188 -12,829309
189 -6,592941
190 -6,562547
191 -6,564487
192 -11,390437
193 -6,559072
194 -8,508976
195 -6,565169
